#----------------------------------------------------------------------
# Basis Set Exchange
# Version 0.12
# https://www.basissetexchange.org
#----------------------------------------------------------------------
#   Basis set: aug-cc-pVTZ-RIFIT
# Description: RI Fitting basis for use with aug-cc-pVTZ
#        Role: rifit
#     Version: 1  (Data from Turbomole 7.3)
#----------------------------------------------------------------------


# Hydrogen aug-cc-pVTZ-RIFIT (5s,4p,3d,2f) -> [5s,4p,3d,2f]
H aug-cc-pVTZ-RIFIT
    14
1 0 0 1 1
      8.5128275910           1.0000000
1 0 0 1 1
      1.8730891166           1.0000000
1 0 0 1 1
      0.52618426941          1.0000000
1 0 0 1 1
      0.28973989936          1.0000000
1 0 0 1 1
      0.12719436063          1.0000000
1 1 1 1 1
      2.3725491635           1.0000000
1 1 1 1 1
      1.1804084468           1.0000000
1 1 1 1 1
      0.60382204241          1.0000000
1 1 1 1 1
      0.23551289521          1.0000000
1 2 2 1 1
      1.8096373189           1.0000000
1 2 2 1 1
      1.1439726055           1.0000000
1 2 2 1 1
      0.43665405053          1.0000000
1 3 3 1 1
      1.8063060576           1.0000000
1 3 3 1 1
      0.25297787763          1.0000000

# Oxygen aug-cc-pVTZ-RIFIT (9s,7p,6d,4f,2g) -> [9s,7p,6d,4f,2g]
O aug-cc-pVTZ-RIFIT
    28
1 0 0 1 1
    366.54531503             1.0000000
1 0 0 1 1
     76.693314858            1.0000000
1 0 0 1 1
     24.573835091            1.0000000
1 0 0 1 1
      8.4165585072           1.0000000
1 0 0 1 1
      3.0202080356           1.0000000
1 0 0 1 1
      1.3331563617           1.0000000
1 0 0 1 1
      0.81250658727          1.0000000
1 0 0 1 1
      0.36505253662          1.0000000
1 0 0 1 1
      0.11211820118          1.0000000
1 1 1 1 1
     52.854386423            1.0000000
1 1 1 1 1
     15.021795824            1.0000000
1 1 1 1 1
      3.9137719482           1.0000000
1 1 1 1 1
      2.1678840611           1.0000000
1 1 1 1 1
      0.97419243984          1.0000000
1 1 1 1 1
      0.51845615412          1.0000000
1 1 1 1 1
      0.21354459926          1.0000000
1 2 2 1 1
     15.907733132            1.0000000
1 2 2 1 1
      5.3799329215           1.0000000
1 2 2 1 1
      2.9552623921           1.0000000
1 2 2 1 1
      1.1624458997           1.0000000
1 2 2 1 1
      0.50353399421          1.0000000
1 2 2 1 1
      0.16734574676          1.0000000
1 3 3 1 1
      4.6873846701           1.0000000
1 3 3 1 1
      2.1512789489           1.0000000
1 3 3 1 1
      1.0894068169           1.0000000
1 3 3 1 1
      0.40383704543          1.0000000
1 4 4 1 1
      2.3270964878           1.0000000
1 4 4 1 1
      0.78655757162          1.0000000